27837888361000
27837888361001
27837888361002
27837888361003
27837888361004
27837888361005
27837888361006
27837888361007
27837888361008
27837888361009
27837888361010
27837888361011
27837888361012
27837888361013
27837888361014
27837888361015
27837888361016
27837888361017
27837888361018
27837888361019
27837888361020
27837888361021
27837888361022
27837888361023
27837888361024
27837888361025
27837888361026
27837888361027
27837888361028
27837888361029
27837888361030
27837888361031
27837888361032
27837888361033
27837888361034
27837888361035
27837888361036
27837888361037
27837888361038
27837888361039
27837888361040
27837888361041
27837888361042
27837888361043
27837888361044
27837888361045
27837888361046
27837888361047
27837888361048
27837888361049
27837888361050
27837888361051
27837888361052
27837888361053
27837888361054
27837888361055
27837888361056
27837888361057
27837888361058
27837888361059
27837888361060
27837888361061
27837888361062
27837888361063
27837888361064
27837888361065
27837888361066
27837888361067
27837888361068
27837888361069
27837888361070
27837888361071
27837888361072
27837888361073
27837888361074
27837888361075
27837888361076
27837888361077
27837888361078
27837888361079
27837888361080
27837888361081
27837888361082
27837888361083
27837888361084
27837888361085
27837888361086
27837888361087
27837888361088
27837888361089
27837888361090
27837888361091
27837888361092
27837888361093
27837888361094
27837888361095
27837888361096
27837888361097
27837888361098
27837888361099
27837888361100
27837888361101
27837888361102
27837888361103
27837888361104
27837888361105
27837888361106
27837888361107
27837888361108
27837888361109
27837888361110
27837888361111
27837888361112
27837888361113
27837888361114
27837888361115
27837888361116
27837888361117
27837888361118
27837888361119
27837888361120
27837888361121
27837888361122
27837888361123
27837888361124
27837888361125
27837888361126
27837888361127
27837888361128
27837888361129
27837888361130
27837888361131
27837888361132
27837888361133
27837888361134
27837888361135
27837888361136
27837888361137
27837888361138
27837888361139
27837888361140
27837888361141
27837888361142
27837888361143
27837888361144
27837888361145
27837888361146
27837888361147
27837888361148
27837888361149
27837888361150
27837888361151
27837888361152
27837888361153
27837888361154
27837888361155
27837888361156
27837888361157
27837888361158
27837888361159
27837888361160
27837888361161
27837888361162
27837888361163
27837888361164
27837888361165
27837888361166
27837888361167
27837888361168
27837888361169
27837888361170
27837888361171
27837888361172
27837888361173
27837888361174
27837888361175
27837888361176
27837888361177
27837888361178
27837888361179
27837888361180
27837888361181
27837888361182
27837888361183
27837888361184
27837888361185
27837888361186
27837888361187
27837888361188
27837888361189
27837888361190
27837888361191
27837888361192
27837888361193
27837888361194
27837888361195
27837888361196
27837888361197
27837888361198
27837888361199
27837888361200
27837888361201
27837888361202
27837888361203
27837888361204
27837888361205
27837888361206
27837888361207
27837888361208
27837888361209
27837888361210
27837888361211
27837888361212
27837888361213
27837888361214
27837888361215
27837888361216
27837888361217
27837888361218
27837888361219
27837888361220
27837888361221
27837888361222
27837888361223
27837888361224
27837888361225
27837888361226
27837888361227
27837888361228
27837888361229
27837888361230
27837888361231
27837888361232
27837888361233
27837888361234
27837888361235
27837888361236
27837888361237
27837888361238
27837888361239
27837888361240
27837888361241
27837888361242
27837888361243
27837888361244
27837888361245
27837888361246
27837888361247
27837888361248
27837888361249
27837888361250
27837888361251
27837888361252
27837888361253
27837888361254
27837888361255
27837888361256
27837888361257
27837888361258
27837888361259
27837888361260
27837888361261
27837888361262
27837888361263
27837888361264
27837888361265
27837888361266
27837888361267
27837888361268
27837888361269
27837888361270
27837888361271
27837888361272
27837888361273
27837888361274
27837888361275
27837888361276
27837888361277
27837888361278
27837888361279
27837888361280
27837888361281
27837888361282
27837888361283
27837888361284
27837888361285
27837888361286
27837888361287
27837888361288
27837888361289
27837888361290
27837888361291
27837888361292
27837888361293
27837888361294
27837888361295
27837888361296
27837888361297
27837888361298
27837888361299
27837888361300
27837888361301
27837888361302
27837888361303
27837888361304
27837888361305
27837888361306
27837888361307
27837888361308
27837888361309
27837888361310
27837888361311
27837888361312
27837888361313
27837888361314
27837888361315
27837888361316
27837888361317
27837888361318
27837888361319
27837888361320
27837888361321
27837888361322
27837888361323
27837888361324
27837888361325
27837888361326
27837888361327
27837888361328
27837888361329
27837888361330
27837888361331
27837888361332
27837888361333
27837888361334
27837888361335
27837888361336
27837888361337
27837888361338
27837888361339
27837888361340
27837888361341
27837888361342
27837888361343
27837888361344
27837888361345
27837888361346
27837888361347
27837888361348
27837888361349
27837888361350
27837888361351
27837888361352
27837888361353
27837888361354
27837888361355
27837888361356
27837888361357
27837888361358
27837888361359
27837888361360
27837888361361
27837888361362
27837888361363
27837888361364
27837888361365
27837888361366
27837888361367
27837888361368
27837888361369
27837888361370
27837888361371
27837888361372
27837888361373
27837888361374
27837888361375
27837888361376
27837888361377
27837888361378
27837888361379
27837888361380
27837888361381
27837888361382
27837888361383
27837888361384
27837888361385
27837888361386
27837888361387
27837888361388
27837888361389
27837888361390
27837888361391
27837888361392
27837888361393
27837888361394
27837888361395
27837888361396
27837888361397
27837888361398
27837888361399
27837888361400
27837888361401
27837888361402
27837888361403
27837888361404
27837888361405
27837888361406
27837888361407
27837888361408
27837888361409
27837888361410
27837888361411
27837888361412
27837888361413
27837888361414
27837888361415
27837888361416
27837888361417
27837888361418
27837888361419
27837888361420
27837888361421
27837888361422
27837888361423
27837888361424
27837888361425
27837888361426
27837888361427
27837888361428
27837888361429
27837888361430
27837888361431
27837888361432
27837888361433
27837888361434
27837888361435
27837888361436
27837888361437
27837888361438
27837888361439
27837888361440
27837888361441
27837888361442
27837888361443
27837888361444
27837888361445
27837888361446
27837888361447
27837888361448
27837888361449
27837888361450
27837888361451
27837888361452
27837888361453
27837888361454
27837888361455
27837888361456
27837888361457
27837888361458
27837888361459
27837888361460
27837888361461
27837888361462
27837888361463
27837888361464
27837888361465
27837888361466
27837888361467
27837888361468
27837888361469
27837888361470
27837888361471
27837888361472
27837888361473
27837888361474
27837888361475
27837888361476
27837888361477
27837888361478
27837888361479
27837888361480
27837888361481
27837888361482
27837888361483
27837888361484
27837888361485
27837888361486
27837888361487
27837888361488
27837888361489
27837888361490
27837888361491
27837888361492
27837888361493
27837888361494
27837888361495
27837888361496
27837888361497
27837888361498
27837888361499
27837888361500
27837888361501
27837888361502
27837888361503
27837888361504
27837888361505
27837888361506
27837888361507
27837888361508
27837888361509
27837888361510
27837888361511
27837888361512
27837888361513
27837888361514
27837888361515
27837888361516
27837888361517
27837888361518
27837888361519
27837888361520
27837888361521
27837888361522
27837888361523
27837888361524
27837888361525
27837888361526
27837888361527
27837888361528
27837888361529
27837888361530
27837888361531
27837888361532
27837888361533
27837888361534
27837888361535
27837888361536
27837888361537
27837888361538
27837888361539
27837888361540
27837888361541
27837888361542
27837888361543
27837888361544
27837888361545
27837888361546
27837888361547
27837888361548
27837888361549
27837888361550
27837888361551
27837888361552
27837888361553
27837888361554
27837888361555
27837888361556
27837888361557
27837888361558
27837888361559
27837888361560
27837888361561
27837888361562
27837888361563
27837888361564
27837888361565
27837888361566
27837888361567
27837888361568
27837888361569
27837888361570
27837888361571
27837888361572
27837888361573
27837888361574
27837888361575
27837888361576
27837888361577
27837888361578
27837888361579
27837888361580
27837888361581
27837888361582
27837888361583
27837888361584
27837888361585
27837888361586
27837888361587
27837888361588
27837888361589
27837888361590
27837888361591
27837888361592
27837888361593
27837888361594
27837888361595
27837888361596
27837888361597
27837888361598
27837888361599
27837888361600
27837888361601
27837888361602
27837888361603
27837888361604
27837888361605
27837888361606
27837888361607
27837888361608
27837888361609
27837888361610
27837888361611
27837888361612
27837888361613
27837888361614
27837888361615
27837888361616
27837888361617
27837888361618
27837888361619
27837888361620
27837888361621
27837888361622
27837888361623
27837888361624
27837888361625
27837888361626
27837888361627
27837888361628
27837888361629
27837888361630
27837888361631
27837888361632
27837888361633
27837888361634
27837888361635
27837888361636
27837888361637
27837888361638
27837888361639
27837888361640
27837888361641
27837888361642
27837888361643
27837888361644
27837888361645
27837888361646
27837888361647
27837888361648
27837888361649
27837888361650
27837888361651
27837888361652
27837888361653
27837888361654
27837888361655
27837888361656
27837888361657
27837888361658
27837888361659
27837888361660
27837888361661
27837888361662
27837888361663
27837888361664
27837888361665
27837888361666
27837888361667
27837888361668
27837888361669
27837888361670
27837888361671
27837888361672
27837888361673
27837888361674
27837888361675
27837888361676
27837888361677
27837888361678
27837888361679
27837888361680
27837888361681
27837888361682
27837888361683
27837888361684
27837888361685
27837888361686
27837888361687
27837888361688
27837888361689
27837888361690
27837888361691
27837888361692
27837888361693
27837888361694
27837888361695
27837888361696
27837888361697
27837888361698
27837888361699
27837888361700
27837888361701
27837888361702
27837888361703
27837888361704
27837888361705
27837888361706
27837888361707
27837888361708
27837888361709
27837888361710
27837888361711
27837888361712
27837888361713
27837888361714
27837888361715
27837888361716
27837888361717
27837888361718
27837888361719
27837888361720
27837888361721
27837888361722
27837888361723
27837888361724
27837888361725
27837888361726
27837888361727
27837888361728
27837888361729
27837888361730
27837888361731
27837888361732
27837888361733
27837888361734
27837888361735
27837888361736
27837888361737
27837888361738
27837888361739
27837888361740
27837888361741
27837888361742
27837888361743
27837888361744
27837888361745
27837888361746
27837888361747
27837888361748
27837888361749
27837888361750
27837888361751
27837888361752
27837888361753
27837888361754
27837888361755
27837888361756
27837888361757
27837888361758
27837888361759
27837888361760
27837888361761
27837888361762
27837888361763
27837888361764
27837888361765
27837888361766
27837888361767
27837888361768
27837888361769
27837888361770
27837888361771
27837888361772
27837888361773
27837888361774
27837888361775
27837888361776
27837888361777
27837888361778
27837888361779
27837888361780
27837888361781
27837888361782
27837888361783
27837888361784
27837888361785
27837888361786
27837888361787
27837888361788
27837888361789
27837888361790
27837888361791
27837888361792
27837888361793
27837888361794
27837888361795
27837888361796
27837888361797
27837888361798
27837888361799
27837888361800
27837888361801
27837888361802
27837888361803
27837888361804
27837888361805
27837888361806
27837888361807
27837888361808
27837888361809
27837888361810
27837888361811
27837888361812
27837888361813
27837888361814
27837888361815
27837888361816
27837888361817
27837888361818
27837888361819
27837888361820
27837888361821
27837888361822
27837888361823
27837888361824
27837888361825
27837888361826
27837888361827
27837888361828
27837888361829
27837888361830
27837888361831
27837888361832
27837888361833
27837888361834
27837888361835
27837888361836
27837888361837
27837888361838
27837888361839
27837888361840
27837888361841
27837888361842
27837888361843
27837888361844
27837888361845
27837888361846
27837888361847
27837888361848
27837888361849
27837888361850
27837888361851
27837888361852
27837888361853
27837888361854
27837888361855
27837888361856
27837888361857
27837888361858
27837888361859
27837888361860
27837888361861
27837888361862
27837888361863
27837888361864
27837888361865
27837888361866
27837888361867
27837888361868
27837888361869
27837888361870
27837888361871
27837888361872
27837888361873
27837888361874
27837888361875
27837888361876
27837888361877
27837888361878
27837888361879
27837888361880
27837888361881
27837888361882
27837888361883
27837888361884
27837888361885
27837888361886
27837888361887
27837888361888
27837888361889
27837888361890
27837888361891
27837888361892
27837888361893
27837888361894
27837888361895
27837888361896
27837888361897
27837888361898
27837888361899
27837888361900
27837888361901
27837888361902
27837888361903
27837888361904
27837888361905
27837888361906
27837888361907
27837888361908
27837888361909
27837888361910
27837888361911
27837888361912
27837888361913
27837888361914
27837888361915
27837888361916
27837888361917
27837888361918
27837888361919
27837888361920
27837888361921
27837888361922
27837888361923
27837888361924
27837888361925
27837888361926
27837888361927
27837888361928
27837888361929
27837888361930
27837888361931
27837888361932
27837888361933
27837888361934
27837888361935
27837888361936
27837888361937
27837888361938
27837888361939
27837888361940
27837888361941
27837888361942
27837888361943
27837888361944
27837888361945
27837888361946
27837888361947
27837888361948
27837888361949
27837888361950
27837888361951
27837888361952
27837888361953
27837888361954
27837888361955
27837888361956
27837888361957
27837888361958
27837888361959
27837888361960
27837888361961
27837888361962
27837888361963
27837888361964
27837888361965
27837888361966
27837888361967
27837888361968
27837888361969
27837888361970
27837888361971
27837888361972
27837888361973
27837888361974
27837888361975
27837888361976
27837888361977
27837888361978
27837888361979
27837888361980
27837888361981
27837888361982
27837888361983
27837888361984
27837888361985
27837888361986
27837888361987
27837888361988
27837888361989
27837888361990
27837888361991
27837888361992
27837888361993
27837888361994
27837888361995
27837888361996
27837888361997
27837888361998
27837888361999
27837888362000
27837888362001
27837888362002
27837888362003
27837888362004
27837888362005
27837888362006
27837888362007
27837888362008
27837888362009
27837888362010
27837888362011
27837888362012
27837888362013
27837888362014
27837888362015
27837888362016
27837888362017
27837888362018
27837888362019
27837888362020
27837888362021
27837888362022
27837888362023
27837888362024
27837888362025
27837888362026
27837888362027
27837888362028
27837888362029
27837888362030
27837888362031
27837888362032
27837888362033
27837888362034
27837888362035
27837888362036
27837888362037
27837888362038
27837888362039
27837888362040
27837888362041
27837888362042
27837888362043
27837888362044
27837888362045
27837888362046
27837888362047
27837888362048
27837888362049
27837888362050
27837888362051
27837888362052
27837888362053
27837888362054
27837888362055
27837888362056
27837888362057
27837888362058
27837888362059
27837888362060
27837888362061
27837888362062
27837888362063
27837888362064
27837888362065
27837888362066
27837888362067
27837888362068
27837888362069
27837888362070
27837888362071
27837888362072
27837888362073
27837888362074
27837888362075
27837888362076
27837888362077
27837888362078
27837888362079
27837888362080
27837888362081
27837888362082
27837888362083
27837888362084
27837888362085
27837888362086
27837888362087
27837888362088
27837888362089
27837888362090
27837888362091
27837888362092
27837888362093
27837888362094
27837888362095
27837888362096
27837888362097
27837888362098
27837888362099
27837888362100
27837888362101
27837888362102
27837888362103
27837888362104
27837888362105
27837888362106
27837888362107
27837888362108
27837888362109
27837888362110
27837888362111
27837888362112
27837888362113
27837888362114
27837888362115
27837888362116
27837888362117
27837888362118
27837888362119
27837888362120
27837888362121
27837888362122
27837888362123
27837888362124
27837888362125
27837888362126
27837888362127
27837888362128
27837888362129
27837888362130
27837888362131
27837888362132
27837888362133
27837888362134
27837888362135
27837888362136
27837888362137
27837888362138
27837888362139
27837888362140
27837888362141
27837888362142
27837888362143
27837888362144
27837888362145
27837888362146
27837888362147
27837888362148
27837888362149
27837888362150
27837888362151
27837888362152
27837888362153
27837888362154
27837888362155
27837888362156
27837888362157
27837888362158
27837888362159
27837888362160
27837888362161
27837888362162
27837888362163
27837888362164
27837888362165
27837888362166
27837888362167
27837888362168
27837888362169
27837888362170
27837888362171
27837888362172
27837888362173
27837888362174
27837888362175
27837888362176
27837888362177
27837888362178
27837888362179
27837888362180
27837888362181
27837888362182
27837888362183
27837888362184
27837888362185
27837888362186
27837888362187
27837888362188
27837888362189
27837888362190
27837888362191
27837888362192
27837888362193
27837888362194
27837888362195
27837888362196
27837888362197
27837888362198
27837888362199
27837888362200
27837888362201
27837888362202
27837888362203
27837888362204
27837888362205
27837888362206
27837888362207
27837888362208
27837888362209
27837888362210
27837888362211
27837888362212
27837888362213
27837888362214
27837888362215
27837888362216
27837888362217
27837888362218
27837888362219
27837888362220
27837888362221
27837888362222
27837888362223
27837888362224
27837888362225
27837888362226
27837888362227
27837888362228
27837888362229
27837888362230
27837888362231
27837888362232
27837888362233
27837888362234
27837888362235
27837888362236
27837888362237
27837888362238
27837888362239
27837888362240
27837888362241
27837888362242
27837888362243
27837888362244
27837888362245
27837888362246
27837888362247
27837888362248
27837888362249
27837888362250
27837888362251
27837888362252
27837888362253
27837888362254
27837888362255
27837888362256
27837888362257
27837888362258
27837888362259
27837888362260
27837888362261
27837888362262
27837888362263
27837888362264
27837888362265
27837888362266
27837888362267
27837888362268
27837888362269
27837888362270
27837888362271
27837888362272
27837888362273
27837888362274
27837888362275
27837888362276
27837888362277
27837888362278
27837888362279
27837888362280
27837888362281
27837888362282
27837888362283
27837888362284
27837888362285
27837888362286
27837888362287
27837888362288
27837888362289
27837888362290
27837888362291
27837888362292
27837888362293
27837888362294
27837888362295
27837888362296
27837888362297
27837888362298
27837888362299
27837888362300
27837888362301
27837888362302
27837888362303
27837888362304
27837888362305
27837888362306
27837888362307
27837888362308
27837888362309
27837888362310
27837888362311
27837888362312
27837888362313
27837888362314
27837888362315
27837888362316
27837888362317
27837888362318
27837888362319
27837888362320
27837888362321
27837888362322
27837888362323
27837888362324
27837888362325
27837888362326
27837888362327
27837888362328
27837888362329
27837888362330
27837888362331
27837888362332
27837888362333
27837888362334
27837888362335
27837888362336
27837888362337
27837888362338
27837888362339
27837888362340
27837888362341
27837888362342
27837888362343
27837888362344
27837888362345
27837888362346
27837888362347
27837888362348
27837888362349
27837888362350
27837888362351
27837888362352
27837888362353
27837888362354
27837888362355
27837888362356
27837888362357
27837888362358
27837888362359
27837888362360
27837888362361
27837888362362
27837888362363
27837888362364
27837888362365
27837888362366
27837888362367
27837888362368
27837888362369
27837888362370
27837888362371
27837888362372
27837888362373
27837888362374
27837888362375
27837888362376
27837888362377
27837888362378
27837888362379
27837888362380
27837888362381
27837888362382
27837888362383
27837888362384
27837888362385
27837888362386
27837888362387
27837888362388
27837888362389
27837888362390
27837888362391
27837888362392
27837888362393
27837888362394
27837888362395
27837888362396
27837888362397
27837888362398
27837888362399
27837888362400
27837888362401
27837888362402
27837888362403
27837888362404
27837888362405
27837888362406
27837888362407
27837888362408
27837888362409
27837888362410
27837888362411
27837888362412
27837888362413
27837888362414
27837888362415
27837888362416
27837888362417
27837888362418
27837888362419
27837888362420
27837888362421
27837888362422
27837888362423
27837888362424
27837888362425
27837888362426
27837888362427
27837888362428
27837888362429
27837888362430
27837888362431
27837888362432
27837888362433
27837888362434
27837888362435
27837888362436
27837888362437
27837888362438
27837888362439
27837888362440
27837888362441
27837888362442
27837888362443
27837888362444
27837888362445
27837888362446
27837888362447
27837888362448
27837888362449
27837888362450
27837888362451
27837888362452
27837888362453
27837888362454
27837888362455
27837888362456
27837888362457
27837888362458
27837888362459
27837888362460
27837888362461
27837888362462
27837888362463
27837888362464
27837888362465
27837888362466
27837888362467
27837888362468
27837888362469
27837888362470
27837888362471
27837888362472
27837888362473
27837888362474
27837888362475
27837888362476
27837888362477
27837888362478
27837888362479
27837888362480
27837888362481
27837888362482
27837888362483
27837888362484
27837888362485
27837888362486
27837888362487
27837888362488
27837888362489
27837888362490
27837888362491
27837888362492
27837888362493
27837888362494
27837888362495
27837888362496
27837888362497
27837888362498
27837888362499
27837888362500
27837888362501
27837888362502
27837888362503
27837888362504
27837888362505
27837888362506
27837888362507
27837888362508
27837888362509
27837888362510
27837888362511
27837888362512
27837888362513
27837888362514
27837888362515
27837888362516
27837888362517
27837888362518
27837888362519
27837888362520
27837888362521
27837888362522
27837888362523
27837888362524
27837888362525
27837888362526
27837888362527
27837888362528
27837888362529
27837888362530
27837888362531
27837888362532
27837888362533
27837888362534
27837888362535
27837888362536
27837888362537
27837888362538
27837888362539
27837888362540
27837888362541
27837888362542
27837888362543
27837888362544
27837888362545
27837888362546
27837888362547
27837888362548
27837888362549
27837888362550
27837888362551
27837888362552
27837888362553
27837888362554
27837888362555
27837888362556
27837888362557
27837888362558
27837888362559
27837888362560
27837888362561
27837888362562
27837888362563
27837888362564
27837888362565
27837888362566
27837888362567
27837888362568
27837888362569
27837888362570
27837888362571
27837888362572
27837888362573
27837888362574
27837888362575
27837888362576
27837888362577
27837888362578
27837888362579
27837888362580
27837888362581
27837888362582
27837888362583
27837888362584
27837888362585
27837888362586
27837888362587
27837888362588
27837888362589
27837888362590
27837888362591
27837888362592
27837888362593
27837888362594
27837888362595
27837888362596
27837888362597
27837888362598
27837888362599
27837888362600
27837888362601
27837888362602
27837888362603
27837888362604
27837888362605
27837888362606
27837888362607
27837888362608
27837888362609
27837888362610
27837888362611
27837888362612
27837888362613
27837888362614
27837888362615
27837888362616
27837888362617
27837888362618
27837888362619
27837888362620
27837888362621
27837888362622
27837888362623
27837888362624
27837888362625
27837888362626
27837888362627
27837888362628
27837888362629
27837888362630
27837888362631
27837888362632
27837888362633
27837888362634
27837888362635
27837888362636
27837888362637
27837888362638
27837888362639
27837888362640
27837888362641
27837888362642
27837888362643
27837888362644
27837888362645
27837888362646
27837888362647
27837888362648
27837888362649
27837888362650
27837888362651
27837888362652
27837888362653
27837888362654
27837888362655
27837888362656
27837888362657
27837888362658
27837888362659
27837888362660
27837888362661
27837888362662
27837888362663
27837888362664
27837888362665
27837888362666
27837888362667
27837888362668
27837888362669
27837888362670
27837888362671
27837888362672
27837888362673
27837888362674
27837888362675
27837888362676
27837888362677
27837888362678
27837888362679
27837888362680
27837888362681
27837888362682
27837888362683
27837888362684
27837888362685
27837888362686
27837888362687
27837888362688
27837888362689
27837888362690
27837888362691
27837888362692
27837888362693
27837888362694
27837888362695
27837888362696
27837888362697
27837888362698
27837888362699
27837888362700
27837888362701
27837888362702
27837888362703
27837888362704
27837888362705
27837888362706
27837888362707
27837888362708
27837888362709
27837888362710
27837888362711
27837888362712
27837888362713
27837888362714
27837888362715
27837888362716
27837888362717
27837888362718
27837888362719
27837888362720
27837888362721
27837888362722
27837888362723
27837888362724
27837888362725
27837888362726
27837888362727
27837888362728
27837888362729
27837888362730
27837888362731
27837888362732
27837888362733
27837888362734
27837888362735
27837888362736
27837888362737
27837888362738
27837888362739
27837888362740
27837888362741
27837888362742
27837888362743
27837888362744
27837888362745
27837888362746
27837888362747
27837888362748
27837888362749
27837888362750
27837888362751
27837888362752
27837888362753
27837888362754
27837888362755
27837888362756
27837888362757
27837888362758
27837888362759
27837888362760
27837888362761
27837888362762
27837888362763
27837888362764
27837888362765
27837888362766
27837888362767
27837888362768
27837888362769
27837888362770
27837888362771
27837888362772
27837888362773
27837888362774
27837888362775
27837888362776
27837888362777
27837888362778
27837888362779
27837888362780
27837888362781
27837888362782
27837888362783
27837888362784
27837888362785
27837888362786
27837888362787
27837888362788
27837888362789
27837888362790
27837888362791
27837888362792
27837888362793
27837888362794
27837888362795
27837888362796
27837888362797
27837888362798
27837888362799
27837888362800
27837888362801
27837888362802
27837888362803
27837888362804
27837888362805
27837888362806
27837888362807
27837888362808
27837888362809
27837888362810
27837888362811
27837888362812
27837888362813
27837888362814
27837888362815
27837888362816
27837888362817
27837888362818
27837888362819
27837888362820
27837888362821
27837888362822
27837888362823
27837888362824
27837888362825
27837888362826
27837888362827
27837888362828
27837888362829
27837888362830
27837888362831
27837888362832
27837888362833
27837888362834
27837888362835
27837888362836
27837888362837
27837888362838
27837888362839
27837888362840
27837888362841
27837888362842
27837888362843
27837888362844
27837888362845
27837888362846
27837888362847
27837888362848
27837888362849
27837888362850
27837888362851
27837888362852
27837888362853
27837888362854
27837888362855
27837888362856
27837888362857
27837888362858
27837888362859
27837888362860
27837888362861
27837888362862
27837888362863
27837888362864
27837888362865
27837888362866
27837888362867
27837888362868
27837888362869
27837888362870
27837888362871
27837888362872
27837888362873
27837888362874
27837888362875
27837888362876
27837888362877
27837888362878
27837888362879
27837888362880
27837888362881
27837888362882
27837888362883
27837888362884
27837888362885
27837888362886
27837888362887
27837888362888
27837888362889
27837888362890
27837888362891
27837888362892
27837888362893
27837888362894
27837888362895
27837888362896
27837888362897
27837888362898
27837888362899
27837888362900
27837888362901
27837888362902
27837888362903
27837888362904
27837888362905
27837888362906
27837888362907
27837888362908
27837888362909
27837888362910
27837888362911
27837888362912
27837888362913
27837888362914
27837888362915
27837888362916
27837888362917
27837888362918
27837888362919
27837888362920
27837888362921
27837888362922
27837888362923
27837888362924
27837888362925
27837888362926
27837888362927
27837888362928
27837888362929
27837888362930
27837888362931
27837888362932
27837888362933
27837888362934
27837888362935
27837888362936
27837888362937
27837888362938
27837888362939
27837888362940
27837888362941
27837888362942
27837888362943
27837888362944
27837888362945
27837888362946
27837888362947
27837888362948
27837888362949
27837888362950
27837888362951
27837888362952
27837888362953
27837888362954
27837888362955
27837888362956
27837888362957
27837888362958
27837888362959
27837888362960
27837888362961
27837888362962
27837888362963
27837888362964
27837888362965
27837888362966
27837888362967
27837888362968
27837888362969
27837888362970
27837888362971
27837888362972
27837888362973
27837888362974
27837888362975
27837888362976
27837888362977
27837888362978
27837888362979
27837888362980
27837888362981
27837888362982
27837888362983
27837888362984
27837888362985
27837888362986
27837888362987
27837888362988
27837888362989
27837888362990
27837888362991
27837888362992
27837888362993
27837888362994
27837888362995
27837888362996
27837888362997
27837888362998
27837888362999
